167 382
922 513
532 900
793 341
793 765
793 486
341 765
341 486
765 486
758 868
758 717
758 583
868 717
868 583
717 583
966 547
966 558
547 558
892 299
892 15
892 334
892 602
299 15
299 334
299 602
15 334
15 602
334 602
965 878
965 621
965 466
965 867
965 46
878 621
878 466
878 867
878 46
621 466
621 867
621 46
466 867
466 46
867 46
829 915
829 567
829 105
915 567
915 105
567 105
776 380
776 658
776 82
380 658
380 82
658 82
369 374
369 174
369 845
369 988
374 174
374 845
374 988
174 845
174 988
845 988
413 585
413 958
585 958
88 662
88 680
88 62
662 680
662 62
680 62
26 360
489 411
489 919
489 533
489 792
489 428
411 919
411 533
411 792
411 428
919 533
919 792
919 428
533 792
533 428
792 428
580 56
580 727
580 473
580 37
580 798
56 727
56 473
56 37
56 798
727 473
727 37
727 798
473 37
473 798
37 798
440 18
440 532
18 532
106 2
106 488
2 488
662 151
662 389
662 88
151 389
151 88
389 88
236 36
236 23
236 495
36 23
36 495
23 495
802 720
802 634
720 634
691 555
691 617
555 617
926 736
914 837
914 356
914 718
914 466
914 670
837 356
837 718
837 466
837 670
356 718
356 466
356 670
718 466
718 670
466 670
706 230
706 146
706 402
230 146
230 402
146 402
424 320
424 648
424 656
424 854
320 648
320 656
320 854
648 656
648 854
656 854
273 666
273 744
273 528
273 871
273 855
666 744
666 528
666 871
666 855
744 528
744 871
744 855
528 871
528 855
871 855
697 494
697 485
697 630
697 478
697 776
494 485
494 630
494 478
494 776
485 630
485 478
485 776
630 478
630 776
478 776
497 416
497 841
416 841
103 397
103 206
397 206
743 107
743 581
743 1008
107 581
107 1008
581 1008
988 688
988 944
988 332
688 944
688 332
944 332
238 475
238 976
475 976
812 400
860 129
860 219
129 219
65 563
65 146
65 706
563 146
563 706
146 706
265 351
399 103
399 206
103 206
298 1
298 977
298 281
1 977
1 281
977 281
462 253
316 53
316 567
316 578
316 932
53 567
53 578
53 932
567 578
567 932
578 932
487 91
487 789
487 1006
91 789
91 1006
789 1006
463 86
1009 592
1009 196
592 196
447 10
447 864
10 864
719 277
719 183
719 572
719 735
277 183
277 572
277 735
183 572
183 735
572 735
482 289
482 723
289 723
67 261
523 638
523 273
523 17
638 273
638 17
273 17
996 392
331 505
331 901
331 742
331 704
331 412
331 814
331 873
331 484
505 901
505 742
505 704
505 412
505 814
505 873
505 484
901 742
901 704
901 412
901 814
901 873
901 484
742 704
742 412
742 814
742 873
742 484
704 412
704 814
704 873
704 484
412 814
412 873
412 484
814 873
814 484
873 484
785 146
893 293
893 1002
293 1002
455 61
455 848
455 0
455 25
61 848
61 0
61 25
848 0
848 25
0 25
539 511
539 882
539 460
511 882
511 460
882 460
544 735
544 636
544 525
544 719
735 636
735 525
735 719
636 525
636 719
525 719
676 597
676 642
676 627
597 642
597 627
642 627
844 456
844 66
844 498
456 66
456 498
66 498
578 109
838 481
838 999
838 195
838 507
481 999
481 195
481 507
999 195
999 507
195 507
376 943
376 884
943 884
208 781
208 79
781 79
462 615
462 166
462 253
615 166
615 253
166 253
66 372
66 746
66 498
66 76
66 908
372 746
372 498
372 76
372 908
746 498
746 76
746 908
498 76
498 908
76 908
895 28
285 595
285 739
285 453
285 373
595 739
595 453
595 373
739 453
739 373
453 373
127 710
127 274
127 268
127 279
710 274
710 268
710 279
274 268
274 279
268 279
323 47
323 820
323 730
323 509
323 314
323 77
323 370
47 820
47 730
47 509
47 314
47 77
47 370
820 730
820 509
820 314
820 77
820 370
730 509
730 314
730 77
730 370
509 314
509 77
509 370
314 77
314 370
77 370
165 561
165 867
165 410
165 466
561 867
561 410
561 466
867 410
867 466
410 466
307 857
307 810
307 405
307 266
857 810
857 405
857 266
810 405
810 266
405 266
6 309
341 858
341 180
858 180
987 870
987 707
987 571
870 707
870 571
707 571
893 1002
893 187
893 980
893 842
1002 187
1002 980
1002 842
187 980
187 842
980 842
149 246
149 745
149 722
149 204
149 175
149 80
149 683
149 886
149 622
149 681
149 570
149 729
149 11
149 952
149 417
246 745
246 722
246 204
246 175
246 80
246 683
246 886
246 622
246 681
246 570
246 729
246 11
246 952
246 417
745 722
745 204
745 175
745 80
745 683
745 886
745 622
745 681
745 570
745 729
745 11
745 952
745 417
722 204
722 175
722 80
722 683
722 886
722 622
722 681
722 570
722 729
722 11
722 952
722 417
204 175
204 80
204 683
204 886
204 622
204 681
204 570
204 729
204 11
204 952
204 417
175 80
175 683
175 886
175 622
175 681
175 570
175 729
175 11
175 952
175 417
80 683
80 886
80 622
80 681
80 570
80 729
80 11
80 952
80 417
683 886
683 622
683 681
683 570
683 729
683 11
683 952
683 417
886 622
886 681
886 570
886 729
886 11
886 952
886 417
622 681
622 570
622 729
622 11
622 952
622 417
681 570
681 729
681 11
681 952
681 417
570 729
570 11
570 952
570 417
729 11
729 952
729 417
11 952
11 417
952 417
1007 499
501 578
419 136
318 691
318 345
318 617
691 345
691 617
345 617
880 198
880 520
880 479
880 715
198 520
198 479
198 715
520 479
520 715
479 715
638 273
638 523
273 523
150 643
150 796
150 939
643 796
643 939
796 939
765 164
765 793
164 793
698 810
747 41
340 803
340 700
803 700
328 995
328 835
328 215
995 835
995 215
835 215
476 283
476 63
283 63
141 137
141 470
141 64
137 470
137 64
470 64
816 195
816 481
816 781
195 481
195 781
481 781
214 467
214 559
214 808
214 596
214 58
214 177
467 559
467 808
467 596
467 58
467 177
559 808
559 596
559 58
559 177
808 596
808 58
808 177
596 58
596 177
58 177
8 715
8 198
8 695
715 198
715 695
198 695
363 705
363 218
363 589
363 859
705 218
705 589
705 859
218 589
218 859
589 859
235 662
235 73
235 88
662 73
662 88
73 88
390 128
390 552
390 361
128 552
128 361
552 361
66 456
66 249
66 324
66 828
66 498
456 249
456 324
456 828
456 498
249 324
249 828
249 498
324 828
324 498
828 498
212 996
212 609
996 609
193 565
193 83
193 657
565 83
565 657
83 657
907 1012
907 7
1012 7
735 240
735 719
735 748
735 264
735 330
735 366
240 719
240 748
240 264
240 330
240 366
719 748
719 264
719 330
719 366
748 264
748 330
748 366
264 330
264 366
330 366
550 894
550 786
550 303
550 406
550 211
894 786
894 303
894 406
894 211
786 303
786 406
786 211
303 406
303 211
406 211
22 822
22 152
22 676
822 152
822 676
152 676
508 620
508 677
508 29
508 539
508 760
508 644
508 716
508 839
508 97
508 159
620 677
620 29
620 539
620 760
620 644
620 716
620 839
620 97
620 159
677 29
677 539
677 760
677 644
677 716
677 839
677 97
677 159
29 539
29 760
29 644
29 716
29 839
29 97
29 159
539 760
539 644
539 716
539 839
539 97
539 159
760 644
760 716
760 839
760 97
760 159
644 716
644 839
644 97
644 159
716 839
716 97
716 159
839 97
839 159
97 159
436 776
436 333
436 127
436 26
436 284
776 333
776 127
776 26
776 284
333 127
333 26
333 284
127 26
127 284
26 284
836 992
69 517
69 424
69 140
517 424
517 140
424 140
109 578
109 245
109 309
109 224
109 239
578 245
578 309
578 224
578 239
245 309
245 224
245 239
309 224
309 239
224 239
40 397
40 206
40 354
397 206
397 354
206 354
179 865
179 126
865 126
487 1006
487 772
487 91
1006 772
1006 91
772 91
590 292
956 616
956 685
956 962
616 685
616 962
685 962
869 772
869 423
869 359
772 423
772 359
423 359
449 142
449 667
449 231
142 667
142 231
667 231
730 542
691 556
691 617
691 318
691 84
691 555
556 617
556 318
556 84
556 555
617 318
617 84
617 555
318 84
318 555
84 555
789 1006
789 585
1006 585
663 694
663 116
663 678
694 116
694 678
116 678
852 356
852 730
852 129
852 696
852 542
852 250
852 665
356 730
356 129
356 696
356 542
356 250
356 665
730 129
730 696
730 542
730 250
730 665
129 696
129 542
129 250
129 665
696 542
696 250
696 665
542 250
542 665
250 665
536 405
536 652
405 652
195 507
195 999
195 838
195 481
507 999
507 838
507 481
999 838
999 481
838 481
498 66
498 861
66 861
726 301
726 2
726 375
726 14
301 2
301 375
301 14
2 375
2 14
375 14
225 938
225 251
938 251
975 992
833 899
833 725
899 725
768 883
350 195
350 4
195 4
824 531
824 465
824 337
824 247
531 465
531 337
531 247
465 337
465 247
337 247
262 947
262 912
947 912
98 2
98 866
98 1000
2 866
2 1000
866 1000
658 709
658 347
658 459
709 347
709 459
347 459
24 659
634 802
634 720
802 720
560 832
560 740
560 254
832 740
832 254
740 254
426 330
426 437
330 437
190 355
190 272
190 201
355 272
355 201
272 201
912 947
539 760
539 1005
539 330
539 226
539 508
760 1005
760 330
760 226
760 508
1005 330
1005 226
1005 508
330 226
330 508
226 508
617 556
617 691
556 691
990 842
990 959
990 980
990 187
990 921
842 959
842 980
842 187
842 921
959 980
959 187
959 921
980 187
980 921
187 921
931 936
931 220
936 220
176 942
176 66
942 66
238 145
238 200
238 420
238 817
238 172
238 395
238 475
145 200
145 420
145 817
145 172
145 395
145 475
200 420
200 817
200 172
200 395
200 475
420 817
420 172
420 395
420 475
817 172
817 395
817 475
172 395
172 475
395 475
368 840
519 242
519 198
519 748
519 450
519 715
242 198
242 748
242 450
242 715
198 748
198 450
198 715
748 450
748 715
450 715
451 1008
451 633
451 795
1008 633
1008 795
633 795
0 49
0 455
49 455
881 904
881 866
881 928
904 866
904 928
866 928
120 787
120 681
120 185
120 287
787 681
787 185
787 287
681 185
681 287
185 287
133 1008
405 266
405 810
405 307
405 857
266 810
266 307
266 857
810 307
810 857
307 857
810 660
302 933
302 916
302 818
933 916
933 818
916 818
178 623
178 1004
623 1004
391 302
391 80
302 80
524 721
524 448
524 110
721 448
721 110
448 110
948 856
948 39
948 692
948 125
856 39
856 692
856 125
39 692
39 125
692 125
111 893
335 668
335 827
335 92
335 877
668 827
668 92
668 877
827 92
827 877
92 877
813 32
813 358
32 358
532 900
641 998
641 905
641 112
998 905
998 112
905 112
786 303
786 894
786 550
303 894
303 550
894 550
6 63
6 982
6 239
63 982
63 239
982 239
666 188
114 593
114 910
593 910
610 144
610 769
144 769
127 436
127 284
127 333
127 26
127 776
436 284
436 333
436 26
436 776
284 333
284 26
284 776
333 26
333 776
26 776
38 139
557 860
557 16
860 16
660 775
660 810
660 698
775 810
775 698
810 698
980 187
992 975
799 738
956 535
138 843
138 885
843 885
512 674
512 954
674 954
240 735
240 183
240 719
240 748
735 183
735 719
735 748
183 719
183 748
719 748
490 925
490 5
925 5
682 761
682 795
682 72
682 981
761 795
761 72
761 981
795 72
795 981
72 981
611 588
611 625
611 747
588 625
588 747
625 747
958 1006
294 325
294 957
294 600
325 957
325 600
957 600
889 238
889 475
889 256
238 475
238 256
475 256
646 38
59 873
59 342
59 704
59 599
59 801
59 897
873 342
873 704
873 599
873 801
873 897
342 704
342 599
342 801
342 897
704 599
704 801
704 897
599 801
599 897
801 897
533 57
533 462
533 457
533 870
57 462
57 457
57 870
462 457
462 870
457 870
662 88
662 389
662 151
88 389
88 151
389 151
765 793
765 164
793 164
354 40
354 397
354 206
40 397
40 206
397 206
876 574
876 671
876 980
876 612
574 671
574 980
574 612
671 980
671 612
980 612
752 547
752 811
752 631
547 811
547 631
811 631
750 696
286 687
286 300
687 300
344 618
344 751
344 461
344 278
618 751
618 461
618 278
751 461
751 278
461 278
883 548
883 640
883 768
883 297
883 733
548 640
548 768
548 297
548 733
640 768
640 297
640 733
768 297
768 733
297 733
908 483
908 76
908 498
908 66
483 76
483 498
483 66
76 498
76 66
498 66
645 39
645 856
645 319
645 296
645 692
39 856
39 319
39 296
39 692
856 319
856 296
856 692
319 296
319 692
296 692
12 714
12 702
714 702
238 420
238 172
238 817
238 200
238 395
238 475
238 145
420 172
420 817
420 200
420 395
420 475
420 145
172 817
172 200
172 395
172 475
172 145
817 200
817 395
817 475
817 145
200 395
200 475
200 145
395 475
395 145
475 145
348 933
348 818
348 770
933 818
933 770
818 770
545 433
545 930
433 930
222 216
222 534
222 339
216 534
216 339
534 339
330 674
330 954
330 75
330 267
330 409
330 520
330 162
330 90
330 595
674 954
674 75
674 267
674 409
674 520
674 162
674 90
674 595
954 75
954 267
954 409
954 520
954 162
954 90
954 595
75 267
75 409
75 520
75 162
75 90
75 595
267 409
267 520
267 162
267 90
267 595
409 520
409 162
409 90
409 595
520 162
520 90
520 595
162 90
162 595
90 595
194 394
194 997
394 997
741 438
741 442
741 601
741 492
741 546
438 442
438 601
438 492
438 546
442 601
442 492
442 546
601 492
601 546
492 546
195 95
953 12
953 702
12 702
152 221
152 962
221 962
480 365
480 18
365 18
767 734
767 186
767 918
767 753
767 986
767 491
734 186
734 918
734 753
734 986
734 491
186 918
186 753
186 986
186 491
918 753
918 986
918 491
753 986
753 491
986 491
16 557
16 860
557 860
273 17
273 628
17 628
71 85
71 244
71 686
85 244
85 686
244 686
691 555
691 556
691 318
691 617
691 84
555 556
555 318
555 617
555 84
556 318
556 617
556 84
318 617
318 84
617 84
464 781
464 549
464 904
781 549
781 904
549 904
755 158
103 397
103 206
397 206
155 282
155 50
155 749
282 50
282 749
50 749
441 5
607 321
607 311
607 124
607 89
321 311
321 124
321 89
311 124
311 89
124 89
152 221
152 962
221 962
63 6
63 288
63 968
63 929
63 353
6 288
6 968
6 929
6 353
288 968
288 929
288 353
968 929
968 353
929 353
352 776
540 210
540 137
540 141
540 122
540 470
210 137
210 141
210 122
210 470
137 141
137 122
137 470
141 122
141 470
122 470
411 38
118 445
118 415
118 396
445 415
445 396
415 396
419 649
419 362
649 362
521 792
521 38
792 38
676 152
676 22
676 822
152 22
152 822
22 822
444 31
444 304
31 304
706 19
706 402
706 146
19 402
19 146
402 146
939 150
939 796
939 643
150 796
150 643
796 643
157 205
157 146
157 706
205 146
205 706
146 706
206 653
595 752
595 699
595 503
595 143
595 414
752 699
752 503
752 143
752 414
699 503
699 143
699 414
503 143
503 414
143 414
104 904
104 938
104 1011
104 317
104 427
104 781
104 2
104 881
104 488
104 481
104 54
104 816
104 989
104 783
104 446
104 549
104 378
104 182
904 938
904 1011
904 317
904 427
904 781
904 2
904 881
904 488
904 481
904 54
904 816
904 989
904 783
904 446
904 549
904 378
904 182
938 1011
938 317
938 427
938 781
938 2
938 881
938 488
938 481
938 54
938 816
938 989
938 783
938 446
938 549
938 378
938 182
1011 317
1011 427
1011 781
1011 2
1011 881
1011 488
1011 481
1011 54
1011 816
1011 989
1011 783
1011 446
1011 549
1011 378
1011 182
317 427
317 781
317 2
317 881
317 488
317 481
317 54
317 816
317 989
317 783
317 446
317 549
317 378
317 182
427 781
427 2
427 881
427 488
427 481
427 54
427 816
427 989
427 783
427 446
427 549
427 378
427 182
781 2
781 881
781 488
781 481
781 54
781 816
781 989
781 783
781 446
781 549
781 378
781 182
2 881
2 488
2 481
2 54
2 816
2 989
2 783
2 446
2 549
2 378
2 182
881 488
881 481
881 54
881 816
881 989
881 783
881 446
881 549
881 378
881 182
488 481
488 54
488 816
488 989
488 783
488 446
488 549
488 378
488 182
481 54
481 816
481 989
481 783
481 446
481 549
481 378
481 182
54 816
54 989
54 783
54 446
54 549
54 378
54 182
816 989
816 783
816 446
816 549
816 378
816 182
989 783
989 446
989 549
989 378
989 182
783 446
783 549
783 378
783 182
446 549
446 378
446 182
549 378
549 182
378 182
594 96
594 575
594 385
594 308
96 575
96 385
96 308
575 385
575 308
385 308
867 46
867 466
867 410
46 466
46 410
466 410
263 816
263 781
263 340
263 803
816 781
816 340
816 803
781 340
781 803
340 803
42 350
42 564
42 195
350 564
350 195
564 195
747 41
957 816
250 950
250 472
250 356
950 472
950 356
472 356
39 125
39 692
39 856
125 692
125 856
692 856
666 188
488 241
119 439
119 259
119 364
439 259
439 364
259 364
719 240
719 735
719 748
240 735
240 748
735 748
538 160
386 674
1008 771
713 727
713 37
727 37
582 271
582 937
582 1003
582 94
271 937
271 1003
271 94
937 1003
937 94
1003 94
45 655
45 539
45 924
45 434
45 130
45 435
655 539
655 924
655 434
655 130
655 435
539 924
539 434
539 130
539 435
924 434
924 130
924 435
434 130
434 435
130 435
63 979
63 983
63 260
63 651
63 87
979 983
979 260
979 651
979 87
983 260
983 651
983 87
260 651
260 87
651 87
421 929
421 154
421 969
929 154
929 969
154 969
904 549
904 464
904 781
549 464
549 781
464 781
295 462
295 947
295 912
462 947
462 912
947 912
