167 382
922 513
532 900
532 440
532 18
793 341
793 765
793 486
793 164
341 765
341 486
341 858
341 180
765 486
765 164
758 868
758 717
758 583
868 717
868 583
717 583
966 547
966 558
547 558
547 752
547 811
547 631
892 299
892 15
892 334
892 602
299 15
299 334
299 602
15 334
15 602
334 602
965 878
965 621
965 466
965 867
965 46
878 621
878 466
878 867
878 46
621 466
621 867
621 46
466 867
466 46
466 914
466 837
466 356
466 718
466 670
466 165
466 561
466 410
867 46
867 165
867 561
867 410
46 410
829 915
829 567
829 105
915 567
915 105
567 105
567 316
567 53
567 578
567 932
776 380
776 658
776 82
776 26
776 697
776 494
776 485
776 630
776 478
776 127
776 436
776 333
776 284
776 352
380 658
380 82
658 82
658 709
658 347
658 459
369 374
369 174
369 845
369 988
374 174
374 845
374 988
174 845
174 988
845 988
988 688
988 944
988 332
413 585
413 958
585 958
585 789
585 1006
958 1006
88 662
88 680
88 62
88 151
88 389
88 235
88 73
662 680
662 62
662 151
662 389
662 235
662 73
680 62
26 360
26 127
26 436
26 333
26 284
489 411
489 919
489 533
489 792
489 428
411 919
411 533
411 792
411 428
411 38
919 533
919 792
919 428
533 792
533 428
533 462
533 870
533 57
533 457
792 428
792 38
792 521
580 56
580 727
580 473
580 37
580 798
56 727
56 473
56 37
56 798
727 473
727 37
727 798
727 713
473 37
473 798
37 798
37 713
440 18
18 480
18 365
106 2
106 488
2 488
2 481
2 781
2 816
2 726
2 301
2 375
2 14
2 938
2 98
2 866
2 1000
2 881
2 904
2 549
2 104
2 1011
2 317
2 427
2 54
2 989
2 783
2 446
2 378
2 182
488 481
488 781
488 816
488 938
488 881
488 904
488 549
488 104
488 1011
488 317
488 427
488 54
488 989
488 783
488 446
488 378
488 182
488 241
151 389
236 36
236 23
236 495
36 23
36 495
23 495
802 720
802 634
720 634
691 555
691 617
691 318
691 345
691 556
691 84
555 617
555 318
555 556
555 84
617 318
617 345
617 556
617 84
926 736
914 837
914 356
914 718
914 670
837 356
837 718
837 670
356 718
356 670
356 129
356 730
356 542
356 852
356 696
356 250
356 665
356 950
356 472
718 670
706 230
706 146
706 402
706 65
706 563
706 19
706 157
706 205
230 146
230 402
146 402
146 65
146 563
146 785
146 19
146 157
146 205
402 19
424 320
424 648
424 656
424 854
424 69
424 517
424 140
320 648
320 656
320 854
648 656
648 854
656 854
273 666
273 744
273 528
273 871
273 855
273 523
273 638
273 17
273 628
666 744
666 528
666 871
666 855
666 188
744 528
744 871
744 855
528 871
528 855
871 855
697 494
697 485
697 630
697 478
494 485
494 630
494 478
485 630
485 478
630 478
497 416
497 841
416 841
103 397
103 206
103 399
397 206
397 40
397 354
206 399
206 40
206 354
206 653
743 107
743 581
743 1008
107 581
107 1008
581 1008
1008 451
1008 633
1008 795
1008 133
1008 771
688 944
688 332
944 332
238 475
238 976
238 145
238 200
238 420
238 817
238 172
238 395
238 889
238 256
475 976
475 145
475 200
475 420
475 817
475 172
475 395
475 889
475 256
812 400
860 129
860 219
860 557
860 16
129 219
129 730
129 542
129 852
129 696
129 250
129 665
65 563
265 351
298 1
298 977
298 281
1 977
1 281
977 281
462 253
462 615
462 166
462 870
462 947
462 912
462 57
462 457
462 295
253 615
253 166
316 53
316 578
316 932
53 578
53 932
578 932
578 109
578 309
578 501
578 245
578 224
578 239
487 91
487 789
487 1006
487 772
91 789
91 1006
91 772
789 1006
1006 772
463 86
1009 592
1009 196
592 196
447 10
447 864
10 864
719 277
719 183
719 572
719 735
719 544
719 636
719 525
719 240
719 748
719 264
719 330
719 366
277 183
277 572
277 735
183 572
183 735
183 240
183 748
572 735
735 544
735 636
735 525
735 240
735 748
735 264
735 330
735 366
482 289
482 723
289 723
67 261
523 638
523 17
638 17
17 628
996 392
996 212
996 609
331 505
331 901
331 742
331 704
331 412
331 814
331 873
331 484
505 901
505 742
505 704
505 412
505 814
505 873
505 484
901 742
901 704
901 412
901 814
901 873
901 484
742 704
742 412
742 814
742 873
742 484
704 412
704 814
704 873
704 484
704 59
704 342
704 599
704 801
704 897
412 814
412 873
412 484
814 873
814 484
873 484
873 59
873 342
873 599
873 801
873 897
893 293
893 1002
893 187
893 980
893 842
893 111
293 1002
1002 187
1002 980
1002 842
455 61
455 848
455 0
455 25
455 49
61 848
61 0
61 25
848 0
848 25
0 25
0 49
539 511
539 882
539 460
539 330
539 508
539 620
539 677
539 29
539 760
539 644
539 716
539 839
539 97
539 159
539 1005
539 226
539 45
539 655
539 924
539 434
539 130
539 435
511 882
511 460
882 460
544 636
544 525
636 525
676 597
676 642
676 627
676 22
676 822
676 152
597 642
597 627
642 627
844 456
844 66
844 498
456 66
456 498
456 249
456 324
456 828
66 498
66 372
66 746
66 76
66 908
66 249
66 324
66 828
66 861
66 176
66 942
66 483
498 372
498 746
498 76
498 908
498 249
498 324
498 828
498 861
498 483
109 309
109 245
109 224
109 239
838 481
838 999
838 195
838 507
481 999
481 195
481 507
481 781
481 816
481 938
481 881
481 904
481 549
481 104
481 1011
481 317
481 427
481 54
481 989
481 783
481 446
481 378
481 182
999 195
999 507
195 507
195 781
195 816
195 350
195 4
195 95
195 42
195 564
376 943
376 884
943 884
208 781
208 79
781 79
781 340
781 803
781 816
781 938
781 881
781 904
781 464
781 549
781 104
781 1011
781 317
781 427
781 54
781 989
781 783
781 446
781 378
781 182
781 263
615 166
372 746
372 76
372 908
746 76
746 908
76 908
76 483
908 483
895 28
285 595
285 739
285 453
285 373
595 739
595 453
595 373
595 520
595 330
595 674
595 954
595 752
595 75
595 267
595 409
595 162
595 90
595 699
595 503
595 143
595 414
739 453
739 373
453 373
127 710
127 274
127 268
127 279
127 436
127 333
127 284
710 274
710 268
710 279
274 268
274 279
268 279
323 47
323 820
323 730
323 509
323 314
323 77
323 370
47 820
47 730
47 509
47 314
47 77
47 370
820 730
820 509
820 314
820 77
820 370
730 509
730 314
730 77
730 370
730 542
730 852
730 696
730 250
730 665
509 314
509 77
509 370
314 77
314 370
77 370
165 561
165 410
561 410
307 857
307 810
307 405
307 266
857 810
857 405
857 266
810 405
810 266
810 698
810 660
810 775
405 266
405 536
405 652
6 309
6 63
6 239
6 982
6 288
6 968
6 929
6 353
309 245
309 224
309 239
858 180
987 870
987 707
987 571
870 707
870 571
870 57
870 457
707 571
187 980
187 842
187 990
187 959
187 921
980 842
980 990
980 959
980 921
980 876
980 574
980 671
980 612
842 990
842 959
842 921
149 246
149 745
149 722
149 204
149 175
149 80
149 683
149 886
149 622
149 681
149 570
149 729
149 11
149 952
149 417
246 745
246 722
246 204
246 175
246 80
246 683
246 886
246 622
246 681
246 570
246 729
246 11
246 952
246 417
745 722
745 204
745 175
745 80
745 683
745 886
745 622
745 681
745 570
745 729
745 11
745 952
745 417
722 204
722 175
722 80
722 683
722 886
722 622
722 681
722 570
722 729
722 11
722 952
722 417
204 175
204 80
204 683
204 886
204 622
204 681
204 570
204 729
204 11
204 952
204 417
175 80
175 683
175 886
175 622
175 681
175 570
175 729
175 11
175 952
175 417
80 683
80 886
80 622
80 681
80 570
80 729
80 11
80 952
80 417
80 302
80 391
683 886
683 622
683 681
683 570
683 729
683 11
683 952
683 417
886 622
886 681
886 570
886 729
886 11
886 952
886 417
622 681
622 570
622 729
622 11
622 952
622 417
681 570
681 729
681 11
681 952
681 417
681 120
681 787
681 185
681 287
570 729
570 11
570 952
570 417
729 11
729 952
729 417
11 952
11 417
952 417
1007 499
419 136
419 649
419 362
318 345
318 556
318 84
880 198
880 520
880 479
880 715
198 520
198 479
198 715
198 8
198 695
198 748
198 519
198 242
198 450
520 479
520 715
520 330
520 674
520 954
520 75
520 267
520 409
520 162
520 90
479 715
715 8
715 695
715 748
715 519
715 242
715 450
150 643
150 796
150 939
643 796
643 939
796 939
698 660
698 775
747 41
747 611
747 588
747 625
340 803
340 700
340 816
340 263
803 700
803 816
803 263
328 995
328 835
328 215
995 835
995 215
835 215
476 283
476 63
283 63
63 239
63 982
63 288
63 968
63 929
63 353
63 979
63 983
63 260
63 651
63 87
141 137
141 470
141 64
141 540
141 210
141 122
137 470
137 64
137 540
137 210
137 122
470 64
470 540
470 210
470 122
816 938
816 881
816 904
816 957
816 549
816 104
816 1011
816 317
816 427
816 54
816 989
816 783
816 446
816 378
816 182
816 263
214 467
214 559
214 808
214 596
214 58
214 177
467 559
467 808
467 596
467 58
467 177
559 808
559 596
559 58
559 177
808 596
808 58
808 177
596 58
596 177
58 177
8 695
363 705
363 218
363 589
363 859
705 218
705 589
705 859
218 589
218 859
589 859
235 73
390 128
390 552
390 361
128 552
128 361
552 361
249 324
249 828
324 828
212 609
193 565
193 83
193 657
565 83
565 657
83 657
907 1012
907 7
1012 7
240 748
240 264
240 330
240 366
748 264
748 330
748 366
748 519
748 242
748 450
264 330
264 366
330 366
330 508
330 760
330 426
330 437
330 1005
330 226
330 674
330 954
330 75
330 267
330 409
330 162
330 90
550 894
550 786
550 303
550 406
550 211
894 786
894 303
894 406
894 211
786 303
786 406
786 211
303 406
303 211
406 211
22 822
22 152
822 152
152 962
152 221
508 620
508 677
508 29
508 760
508 644
508 716
508 839
508 97
508 159
508 1005
508 226
620 677
620 29
620 760
620 644
620 716
620 839
620 97
620 159
677 29
677 760
677 644
677 716
677 839
677 97
677 159
29 760
29 644
29 716
29 839
29 97
29 159
760 644
760 716
760 839
760 97
760 159
760 1005
760 226
644 716
644 839
644 97
644 159
716 839
716 97
716 159
839 97
839 159
97 159
436 333
436 284
333 284
836 992
992 975
69 517
69 140
517 140
245 224
245 239
224 239
239 982
40 354
179 865
179 126
865 126
772 869
772 423
772 359
590 292
956 616
956 685
956 962
956 535
616 685
616 962
685 962
962 221
869 423
869 359
423 359
449 142
449 667
449 231
142 667
142 231
667 231
542 852
542 696
542 250
542 665
556 84
663 694
663 116
663 678
694 116
694 678
116 678
852 696
852 250
852 665
696 250
696 665
696 750
250 665
250 950
250 472
536 652
726 301
726 375
726 14
301 375
301 14
375 14
225 938
225 251
938 251
938 881
938 904
938 549
938 104
938 1011
938 317
938 427
938 54
938 989
938 783
938 446
938 378
938 182
833 899
833 725
899 725
768 883
768 548
768 640
768 297
768 733
883 548
883 640
883 297
883 733
350 4
350 42
350 564
824 531
824 465
824 337
824 247
531 465
531 337
531 247
465 337
465 247
337 247
262 947
262 912
947 912
947 295
912 295
98 866
98 1000
866 1000
866 881
866 904
866 928
709 347
709 459
347 459
24 659
560 832
560 740
560 254
832 740
832 254
740 254
426 437
190 355
190 272
190 201
355 272
355 201
272 201
1005 226
990 959
990 921
959 921
931 936
931 220
936 220
176 942
145 200
145 420
145 817
145 172
145 395
200 420
200 817
200 172
200 395
420 817
420 172
420 395
817 172
817 395
172 395
368 840
519 242
519 450
242 450
451 633
451 795
633 795
795 682
795 761
795 72
795 981
881 904
881 928
881 549
881 104
881 1011
881 317
881 427
881 54
881 989
881 783
881 446
881 378
881 182
904 928
904 464
904 549
904 104
904 1011
904 317
904 427
904 54
904 989
904 783
904 446
904 378
904 182
120 787
120 185
120 287
787 185
787 287
185 287
660 775
302 933
302 916
302 818
302 391
933 916
933 818
933 348
933 770
916 818
818 348
818 770
178 623
178 1004
623 1004
524 721
524 448
524 110
721 448
721 110
448 110
948 856
948 39
948 692
948 125
856 39
856 692
856 125
856 645
856 319
856 296
39 692
39 125
39 645
39 319
39 296
692 125
692 645
692 319
692 296
335 668
335 827
335 92
335 877
668 827
668 92
668 877
827 92
827 877
92 877
813 32
813 358
32 358
641 998
641 905
641 112
998 905
998 112
905 112
114 593
114 910
593 910
610 144
610 769
144 769
38 139
38 646
38 521
557 16
799 738
138 843
138 885
843 885
512 674
512 954
674 954
674 75
674 267
674 409
674 162
674 90
674 386
954 75
954 267
954 409
954 162
954 90
490 925
490 5
925 5
5 441
682 761
682 72
682 981
761 72
761 981
72 981
611 588
611 625
588 625
294 325
294 957
294 600
325 957
325 600
957 600
889 256
59 342
59 599
59 801
59 897
342 599
342 801
342 897
599 801
599 897
801 897
57 457
876 574
876 671
876 612
574 671
574 612
671 612
752 811
752 631
752 699
752 503
752 143
752 414
811 631
286 687
286 300
687 300
344 618
344 751
344 461
344 278
618 751
618 461
618 278
751 461
751 278
461 278
548 640
548 297
548 733
640 297
640 733
297 733
645 319
645 296
319 296
12 714
12 702
12 953
714 702
702 953
348 770
545 433
545 930
433 930
222 216
222 534
222 339
216 534
216 339
534 339
75 267
75 409
75 162
75 90
267 409
267 162
267 90
409 162
409 90
162 90
194 394
194 997
394 997
741 438
741 442
741 601
741 492
741 546
438 442
438 601
438 492
438 546
442 601
442 492
442 546
601 492
601 546
492 546
480 365
767 734
767 186
767 918
767 753
767 986
767 491
734 186
734 918
734 753
734 986
734 491
186 918
186 753
186 986
186 491
918 753
918 986
918 491
753 986
753 491
986 491
71 85
71 244
71 686
85 244
85 686
244 686
464 549
549 104
549 1011
549 317
549 427
549 54
549 989
549 783
549 446
549 378
549 182
755 158
155 282
155 50
155 749
282 50
282 749
50 749
607 321
607 311
607 124
607 89
321 311
321 124
321 89
311 124
311 89
124 89
288 968
288 929
288 353
968 929
968 353
929 353
929 421
929 154
929 969
540 210
540 122
210 122
118 445
118 415
118 396
445 415
445 396
415 396
649 362
444 31
444 304
31 304
157 205
699 503
699 143
699 414
503 143
503 414
143 414
104 1011
104 317
104 427
104 54
104 989
104 783
104 446
104 378
104 182
1011 317
1011 427
1011 54
1011 989
1011 783
1011 446
1011 378
1011 182
317 427
317 54
317 989
317 783
317 446
317 378
317 182
427 54
427 989
427 783
427 446
427 378
427 182
54 989
54 783
54 446
54 378
54 182
989 783
989 446
989 378
989 182
783 446
783 378
783 182
446 378
446 182
378 182
594 96
594 575
594 385
594 308
96 575
96 385
96 308
575 385
575 308
385 308
42 564
950 472
119 439
119 259
119 364
439 259
439 364
259 364
538 160
582 271
582 937
582 1003
582 94
271 937
271 1003
271 94
937 1003
937 94
1003 94
45 655
45 924
45 434
45 130
45 435
655 924
655 434
655 130
655 435
924 434
924 130
924 435
434 130
434 435
130 435
979 983
979 260
979 651
979 87
983 260
983 651
983 87
260 651
260 87
651 87
421 154
421 969
154 969
